x
-1 1
1 63 4725
2 0 0.2889733840304182
3 0 0.256544502617801
4 0 0.2706422018348624
5 0 0.1386138613861386
6 0 0.2214876033057851
7 0 0.1230769230769231
8 0 0.1097724230254351
9 0 0.1379310344827586
10 0 0.1655172413793103
11 0 0.1092896174863388
12 0 0.04590163934426229
13 0 0.08579881656804733
14 0 0.2752293577981652
15 0 0.5584415584415584
16 0 0.1769911504424779
17 0 0.3181818181818182
18 0 0.1788617886178862
19 0 0.1129032258064516
20 0.01438848920863309 0.2262443438914027
21 0.01005025125628141 0.143939393939394
22 0 0.32
23 0 0.32
24 0 0.38
25 0 0.24
26 0 0.26
27 0 0.2
28 0 0.16
29 0 0.12
30 0 0.24
31 0 0.16
32 0 0.1
33 0 0.18
34 0 0.26
35 0 0.44
36 0 0.46
37 0 0.3
38 0 0.32
39 0 0.2
40 0 0.34
41 0 0.2
42 0 0.48
43 0 0.36
44 0 0.32
45 0 0.26
46 0 0.26
47 0 0.18
48 0 0.3
49 0 0.16
50 0 0.18
51 0 0.2
52 0 0.1
53 0 0.22
54 0 0.42
55 0 0.74
56 0 0.18
57 0 0.34
58 0 0.38
59 0 0.34
60 0 0.4
61 0 0.28
62 7077.833300000003 538819.0547000086
63 3.605583190917969 13.36602020263672
64 13.38403041825095 123.0088495575221
